% function evaluation | noise-free fitness - Fopt (-1.694000000000e+001) | best noise-free fitness - Fopt | measured fitness | best measured fitness | x1 | x2...
1 +5.192249057e+001 +5.192249057e+001 +3.498249057e+001 +3.498249057e+001 -1.7538e+000 +2.6947e+000 -2.8499e+000 +4.1460e+000 +3.7749e-001 +2.4868e+000 +4.6652e-001 -3.2347e+000 -1.1173e+000 -3.6251e+000
4 +1.502718632e+001 +1.502718632e+001 -1.912813680e+000 -1.912813680e+000 +3.9679e+000 +4.2760e+000 -4.3411e+000 -3.0641e+000 -3.7093e+000 +2.2787e+000 +1.6547e+000 +1.6068e+000 -7.0140e-001 -1.2196e+000
146 +7.760804880e+000 +7.760804880e+000 -9.179195120e+000 -9.179195120e+000 +3.1081e+000 +2.2812e+000 +3.0323e+000 +1.0457e+000 +1.8119e+000 -1.4299e+000 +3.5268e+000 +2.7972e+000 +1.9148e+000 -7.2186e-001
322 +5.551776735e+000 +5.551776735e+000 -1.138822327e+001 -1.138822327e+001 +2.3688e+000 +2.8121e+000 -8.8176e-002 +2.1003e+000 +9.5799e-001 -1.0988e+000 +2.3393e+000 -9.1276e-001 +2.8386e-001 -1.9288e-001
565 +3.807861628e+000 +3.807861628e+000 -1.313213837e+001 -1.313213837e+001 +2.8383e+000 +2.6134e+000 +4.1180e-001 +1.6263e+000 +4.2348e-001 -1.1990e+000 +3.1909e+000 -3.0052e+000 +1.8814e-001 -7.2788e-001
847 +2.502444208e+000 +2.502444208e+000 -1.443755579e+001 -1.443755579e+001 +2.7554e+000 +2.2944e+000 +7.4387e-001 +1.9481e+000 +3.5242e-001 -1.2127e+000 +3.8902e+000 -1.3228e+000 +2.5720e-001 -3.1952e+000
1305 +1.450852697e+000 +1.450852697e+000 -1.548914730e+001 -1.548914730e+001 +3.1570e+000 +2.3645e+000 +6.6255e-001 +2.2984e+000 +3.0729e-001 -1.0841e+000 +3.4475e+000 -1.7482e+000 +2.8971e-001 -2.2408e+000
1832 +9.289616329e-001 +9.289616329e-001 -1.601103837e+001 -1.601103837e+001 +3.2111e+000 +2.3427e+000 +1.9173e-001 +2.1186e+000 +9.5302e-001 -1.1406e+000 +3.4305e+000 -1.6638e+000 +3.3014e-001 -2.2551e+000
10082 +6.025409992e-001 +6.025409992e-001 -1.633745900e+001 -1.633745900e+001 +3.2727e+000 +2.4137e+000 +2.4147e-001 +1.9448e+000 +8.2436e-001 -1.1616e+000 +3.5209e+000 -1.6588e+000 +2.3125e-001 -2.2701e+000
