% function evaluation | noise-free fitness - Fopt (-6.211100000000e+002) | best noise-free fitness - Fopt | measured fitness | best measured fitness | x1 | x2...
1 +2.091255503e+008 +2.091255503e+008 +2.091249292e+008 +2.091249292e+008 +3.7307e+000 -1.1171e+000 +4.8178e+000 +3.0873e+000 +1.9143e+000 +3.5508e+000 +1.0243e+000 +2.4302e+000 -2.2870e+000 -1.9863e+000
8 +9.243833531e+007 +9.243833531e+007 +9.243771420e+007 +9.243771420e+007 +1.2439e+000 +4.7489e+000 +4.3370e+000 +1.8663e+000 -6.8984e-001 -7.5166e-001 -3.1751e+000 -4.1741e+000 +8.0782e-001 +1.5203e+000
12 +4.677193624e+007 +4.677193624e+007 +4.677131513e+007 +4.677131513e+007 +1.5961e+000 +3.0674e+000 +1.5619e+000 -1.3088e+000 +3.3786e-001 -3.9000e+000 +1.0587e+000 +1.2134e-001 +4.8730e+000 +1.8725e+000
142 +2.872203207e+007 +2.872203207e+007 +2.872141096e+007 +2.872141096e+007 +1.5961e+000 +2.7286e+000 +1.3979e+000 -4.8770e+000 -4.2147e+000 +6.8063e-001 +3.1798e+000 +8.3720e-001 +1.8276e+000 +1.0377e+000
148 +2.282517860e+007 +2.282517860e+007 +2.282455749e+007 +2.282455749e+007 -2.4781e+000 +3.0784e+000 +4.8219e-001 -2.9448e+000 -2.3412e+000 -4.9106e+000 +1.1522e-001 +1.1626e+000 +1.3697e+000 +1.3157e+000
256 +1.583103715e+007 +1.583103715e+007 +1.583041604e+007 +1.583041604e+007 -5.3836e-001 +3.6136e+000 -3.4619e-001 -3.7042e+000 +1.7757e+000 -2.0168e+000 -2.6535e-001 -1.3212e+000 +3.3470e-001 +2.0593e+000
347 +9.409312129e+006 +9.409312129e+006 +9.408691019e+006 +9.408691019e+006 -5.3836e-001 +3.6136e+000 -3.4619e-001 -1.4618e+000 +2.6746e+000 +1.1610e-001 +2.2705e+000 -6.2938e-001 +3.0415e+000 -9.1152e-001
1544 +5.226317589e+006 +5.226317589e+006 +5.225696479e+006 +5.225696479e+006 -2.2416e+000 +3.9660e+000 -1.3885e-001 -3.2016e+000 +9.4717e-001 +1.1610e-001 +9.3855e-001 -6.2938e-001 +3.0415e+000 -9.1152e-001
6903 +3.826126676e+006 +3.826126676e+006 +3.825505566e+006 +3.825505566e+006 -8.4117e-001 +3.9660e+000 -3.4619e-001 -4.1921e+000 +9.4717e-001 -1.7322e+000 +7.5401e-002 -6.2938e-001 +4.7498e-001 -9.1152e-001
